
Alice
5hW2Y4KGNuo8Bh6ReD2D8VT3TTcBZSsxxJmnunvRmWc9
[78,35,155,11,208,244,57,43,77,145,90,90,202,226,145,63,190,19,247,63,147,37,195,137,46,166,128,153,123,239,156,243,69,206,204,231,116,158,95,159,159,90,238,16,123,241,52,54,187,180,231,132,113,220,136,249,129,98,233,28,62,2,227,202]

Mint
4iLccVvsWQkzGCCHJUuxSPkRHvGQtUR13X6CZXEid8Fn
token
C9bYQqtWN76Sc6w5kEvVUyFmpgZdZicy6NVHSiydu5Uk

Bob
FYFmPpquZRxLSiaYK6FDpFZseYxt7FmxqhfNPjjmHdiR
[139,223,40,214,102,167,50,122,37,232,41,215,65,29,34,86,191,89,136,115,188,151,48,208,27,142,149,32,210,29,126,81,216,5,81,61,179,176,6,154,14,167,91,129,199,10,13,7,19,175,69,97,233,61,117,128,114,80,25,208,6,124,222,114]

token
FkPoxAXoYWLBapo6cZWBcpUJcpTRADAZyaqTSaWfEGGB

service
Gob2YEihj5yir4YEkfa28HvwAFr3dPE7P4fvuUSsyZU5
[96,223,186,127,241,224,163,189,100,61,229,235,181,164,179,150,166,230,81,178,45,87,87,54,249,235,201,139,32,50,66,128,234,206,126,186,62,190,160,78,44,141,144,5,233,48,72,254,0,80,63,235,163,88,132,46,167,37,230,28,219,51,228,226]

token
CBpVBayoRkT7Jzpt3NqEVHf7Co6Q5uCYkDEa9h4o18jq

-------------------------------------------------------
>dev net
mint
DWsBxBMpChPFK2M32qtPVAPTxcRGLEcNaJPTWHyHcHUn

